Sat May 10 16:57:20 2025

aleeza
hudiya
394
aleeza
168
24 39 1
24 38 1
24 37 1
24 36 1
24 35 1
24 34 1
24 33 1
24 32 1
24 31 1
24 30 1
24 29 1
24 28 1
24 27 1
24 26 1
24 25 1
24 24 1
24 23 1
24 22 1
24 21 1
24 20 1
24 19 1
24 18 1
24 17 1
24 16 1
24 15 1
24 14 1
24 13 1
24 12 1
24 11 1
24 10 1
24 9 1
24 8 1
24 7 1
24 6 1
24 5 1
24 4 1
24 3 1
24 2 1
24 1 1
24 0 1
23 39 1
23 38 5
23 37 5
23 36 5
23 35 5
23 34 5
23 33 5
23 32 5
23 29 4
23 28 4
23 27 4
23 26 4
23 25 4
23 24 4
23 19 4
23 18 4
23 17 4
23 16 4
23 15 4
23 14 4
23 13 4
23 12 4
23 11 4
23 10 4
23 9 4
23 8 4
23 7 4
23 6 4
23 5 4
23 4 4
23 3 4
23 2 4
23 1 4
23 0 1
22 39 1
22 38 5
22 37 5
22 36 5
22 35 5
22 34 5
22 33 5
22 32 5
22 29 4
22 28 4
22 27 4
22 26 4
22 25 4
22 24 4
22 19 4
22 18 4
22 17 4
22 16 4
22 15 4
22 14 4
22 13 4
22 12 4
22 11 4
22 10 4
22 9 4
22 8 4
22 7 4
22 6 4
22 5 4
22 4 4
22 3 4
22 2 4
22 1 4
22 0 1
21 39 1
21 38 5
21 37 5
21 36 5
21 35 5
21 34 5
21 33 5
21 32 5
21 29 4
21 28 4
21 27 4
21 26 4
21 25 4
21 24 4
21 19 4
21 18 4
21 17 4
21 16 4
21 15 4
21 14 4
21 13 4
21 12 4
21 11 4
21 10 4
21 9 4
21 8 4
21 7 4
21 6 4
21 5 4
21 4 4
21 3 4
21 2 4
21 1 4
21 0 1
20 39 1
20 38 5
20 37 5
20 36 5
20 35 5
20 34 5
20 33 5
20 32 5
20 29 4
20 28 4
20 27 4
20 26 4
20 25 4
20 24 4
20 19 4
20 18 4
20 17 4
20 16 4
20 15 4
20 14 4
20 13 4
20 12 4
20 11 4
20 10 4
20 9 4
20 8 4
20 7 4
20 6 4
20 5 4
20 4 4
20 3 4
20 2 4
20 1 4
20 0 1
19 39 1
19 38 5
19 37 5
19 36 5
19 35 5
19 34 5
19 33 5
19 32 5
19 29 4
19 28 4
19 27 4
19 26 4
19 25 4
19 24 4
19 19 4
19 18 4
19 17 4
19 16 4
19 15 4
19 14 4
19 13 4
19 12 4
19 11 4
19 10 4
19 9 4
19 8 4
19 7 4
19 6 4
19 5 4
19 4 4
19 3 4
19 2 4
19 1 4
19 0 1
18 39 1
18 38 5
18 37 5
18 36 5
18 35 5
18 34 5
18 33 5
18 32 5
18 4 4
18 3 4
18 2 4
18 1 4
18 0 1
17 39 1
17 38 5
17 37 5
17 36 5
17 35 5
17 34 5
17 33 5
17 32 5
17 4 4
17 3 4
17 2 4
17 1 4
17 0 1
16 39 1
16 38 5
16 37 5
16 36 5
16 35 5
16 34 5
16 4 4
16 3 4
16 2 4
16 1 4
16 0 1
15 39 1
15 38 5
15 37 5
15 36 5
15 35 5
15 34 5
15 4 4
15 3 4
15 2 4
15 1 4
15 0 1
14 39 1
14 38 5
14 37 5
14 36 5
14 35 5
14 34 5
14 4 4
14 3 4
14 2 4
14 1 4
14 0 1
13 39 1
13 38 5
13 37 5
13 36 5
13 35 5
13 34 5
13 4 4
13 3 4
13 2 4
13 1 4
13 0 1
12 39 1
12 38 5
12 37 5
12 36 5
12 35 5
12 34 5
12 4 4
12 3 4
12 2 4
12 1 4
12 0 1
11 39 1
11 38 5
11 37 5
11 36 5
11 35 5
11 34 5
11 4 4
11 3 4
11 2 4
11 1 4
11 0 1
10 39 1
10 38 5
10 37 5
10 36 5
10 35 5
10 34 5
10 4 4
10 3 4
10 2 4
10 1 4
10 0 1
9 39 1
9 4 4
9 3 4
9 2 4
9 1 4
9 0 1
8 39 1
8 4 4
8 3 4
8 2 4
8 1 4
8 0 1
7 39 1
7 4 4
7 3 4
7 2 4
7 1 4
7 0 1
6 39 1
6 4 4
6 3 4
6 2 4
6 1 4
6 0 1
5 39 1
5 4 4
5 3 4
5 2 4
5 1 4
5 0 1
4 39 1
4 4 4
4 3 4
4 2 4
4 1 4
4 0 1
3 39 1
3 4 4
3 3 4
3 2 4
3 1 4
3 0 1
2 39 1
2 4 4
2 3 4
2 2 4
2 1 4
2 0 1
1 39 1
1 4 4
1 3 4
1 2 4
1 1 4
1 0 1
0 39 1
0 38 1
0 37 1
0 36 1
0 35 1
0 34 1
0 33 1
0 32 1
0 31 1
0 30 1
0 29 1
0 28 1
0 27 1
0 26 1
0 25 1
0 24 1
0 23 1
0 22 1
0 21 1
0 20 1
0 19 1
0 18 1
0 17 1
0 16 1
0 15 1
0 14 1
0 13 1
0 12 1
0 11 1
0 10 1
0 9 1
0 8 1
0 7 1
0 6 1
0 5 1
0 4 1
0 3 1
0 2 1
0 1 1
0 0 1
